VCD info: dumpfile test.vcd opened for output.
                38246 
                38366 
                38430 
                38549 
                38609 
                39248 
                39367 
                39431 
                77459 
                77640 
                77642 
                77930 
                77994 
                78113 
                78281 
                78341 
                78401 
                78522 
                78524 
                78584 
                78644 
