                29243 
                29244 
                29316 
                29317 
                29370 
                29371 
                29372 
                29444 
                29445 
                29498 
                29499 
                29571 
                29572 
                29625 
                29626 
                29627 
                29755 
                29756 
                29828 
                29829 
                29882 
                29883 
                29884 
                29956 
                29957 
                30010 
                30011 
                30083 
                30084 
                30137 
                30138 
                30139 
                30269 
                30270 
                30271 
                30272 
                30273 
                30333 
                30334 
                30335 
                30336 
                30337 
                30338 
                30339 
                30397 
                30398 
                30399 
                30400 
                30401 
                30402 
                30403 
                30460 
                30461 
                30462 
                30463 
                30464 
                30465 
                30466 
                30467 
                30524 
                30525 
                30526 
                30527 
                30528 
                30529 
                30530 
                30589 
                30590 
                30591 
                30592 
                30593 
                30594 
                30654 
                30655 
                30656 
                30657 
                30658 
                30781 
                30782 
                30783 
                30784 
                30785 
                30845 
                30846 
                30847 
                30848 
                30849 
                30850 
                30851 
                30909 
                30910 
                30911 
                30912 
                30913 
                30914 
                30972 
                30973 
                30974 
                30975 
                30976 
                30977 
                30978 
                30979 
                31036 
                31037 
                31038 
                31039 
                31040 
                31041 
                31042 
                31102 
                31103 
                31104 
                31105 
                31106 
                31166 
                31167 
                31168 
                31169 
                31170 
                31293 
                31294 
                31295 
                31296 
                31297 
                31357 
                31358 
                31359 
                31360 
                31361 
                31362 
                31421 
                31422 
                31423 
                31424 
                31425 
                31426 
                31427 
                31484 
                31485 
                31486 
                31487 
                31488 
                31489 
                31490 
                31491 
                31548 
                31549 
                31550 
                31551 
                31552 
                31553 
                31554 
                31613 
                31614 
                31615 
                31616 
                31617 
                31618 
                31678 
                31679 
                31680 
                31681 
                31682 
                31805 
                31806 
                31807 
                31808 
                31809 
                31869 
                31870 
                31871 
                31872 
                31873 
                31933 
                31934 
                31935 
                31936 
                31937 
                31938 
                31939 
                31996 
                31997 
                31998 
                31999 
                32000 
                32001 
                32002 
                32003 
                32061 
                32062 
                32063 
                32064 
                32065 
                32066 
                32125 
                32126 
                32127 
                32128 
                32129 
                32130 
                32190 
                32191 
                32192 
                32193 
                32194 
                32317 
                32318 
                32319 
                32320 
                32321 
                32322 
                32381 
                32382 
                32383 
                32384 
                32385 
                32386 
                32445 
                32446 
                32447 
                32448 
                32449 
                32450 
                32451 
                32508 
                32509 
                32510 
                32511 
                32512 
                32513 
                32514 
                32515 
                32572 
                32573 
                32574 
                32575 
                32576 
                32577 
                32578 
                32636 
                32637 
                32638 
                32639 
                32640 
                32641 
                32642 
                32702 
                32703 
                32704 
                32705 
                32706 
                32834 
                32835 
                32892 
                32898 
                32899 
                32957 
                32963 
                33020 
                33026 
                33027 
                33084 
                33085 
                33091 
                33092 
                33148 
                33149 
                33212 
                33213 
                33346 
                33347 
                33404 
                33410 
                33411 
                33475 
                33476 
                33539 
                33596 
                33603 
                33604 
                33659 
                33660 
                33724 
                33725 
                33860 
                33861 
                33862 
                33915 
                33916 
                33988 
                33989 
                34042 
                34043 
                34115 
                34116 
                34117 
                34170 
                34171 
                34243 
                34244 
                34372 
                34373 
                34374 
                34427 
                34428 
                34500 
                34501 
                34554 
                34555 
                34627 
                34628 
                34629 
                34682 
                34683 
                34755 
                34756 
                34884 
                34885 
                34886 
                34939 
                34940 
                35012 
                35013 
                35066 
                35067 
                35139 
                35140 
                35141 
                35194 
                35195 
                35267 
                35268 
                62020 
                62021 
                62022 
                62075 
                62076 
                62148 
                62149 
                62202 
                62203 
                62275 
                62276 
                62277 
                62330 
                62331 
                62403 
                62404 
                62532 
                62533 
                62534 
                62587 
                62588 
                62660 
                62661 
                62714 
                62715 
                62787 
                62788 
                62789 
                62842 
                62843 
                62915 
                62916 
                63037 
                63038 
                63039 
                63040 
                63041 
                63042 
                63101 
                63102 
                63103 
                63104 
                63105 
                63106 
                63107 
                63165 
                63166 
                63167 
                63168 
                63169 
                63170 
                63171 
                63228 
                63229 
                63230 
                63231 
                63232 
                63233 
                63234 
                63235 
                63292 
                63293 
                63294 
                63295 
                63296 
                63297 
                63298 
                63356 
                63357 
                63358 
                63359 
                63360 
                63361 
                63362 
                63422 
                63423 
                63424 
                63425 
                63426 
                63549 
                63550 
                63551 
                63552 
                63553 
                63613 
                63614 
                63615 
                63616 
                63617 
                63618 
                63677 
                63678 
                63679 
                63680 
                63681 
                63682 
                63683 
                63740 
                63741 
                63742 
                63743 
                63744 
                63745 
                63746 
                63747 
                63804 
                63805 
                63806 
                63807 
                63808 
                63809 
                63810 
                63868 
                63869 
                63870 
                63871 
                63872 
                63873 
                63874 
                63934 
                63935 
                63936 
                63937 
                63938 
                64061 
                64062 
                64063 
                64064 
                64065 
                64125 
                64126 
                64127 
                64128 
                64129 
                64130 
                64189 
                64190 
                64191 
                64192 
                64193 
                64194 
                64195 
                64252 
                64253 
                64254 
                64255 
                64256 
                64257 
                64258 
                64259 
                64316 
                64317 
                64318 
                64319 
                64320 
                64321 
                64322 
                64381 
                64382 
                64383 
                64384 
                64385 
                64386 
                64446 
                64447 
                64448 
                64449 
                64450 
                64573 
                64574 
                64575 
                64576 
                64577 
                64637 
                64638 
                64639 
                64640 
                64641 
                64642 
                64701 
                64702 
                64703 
                64704 
                64705 
                64706 
                64764 
                64765 
                64766 
                64767 
                64768 
                64769 
                64770 
                64771 
                64828 
                64829 
                64830 
                64831 
                64832 
                64833 
                64834 
                64894 
                64895 
                64896 
                64897 
                64898 
                64958 
                64959 
                64960 
                64961 
                64962 
                65085 
                65086 
                65087 
                65088 
                65089 
                65149 
                65150 
                65151 
                65152 
                65153 
                65154 
                65155 
                65213 
                65214 
                65215 
                65216 
                65217 
                65218 
                65219 
                65276 
                65277 
                65278 
                65279 
                65280 
                65281 
                65282 
                65283 
                65340 
                65341 
                65342 
                65343 
                65344 
                65345 
                65346 
                65405 
                65406 
                65407 
                65408 
                65409 
                65410 
                65470 
                65471 
                65472 
                65473 
                65474 
                65597 
                65598 
                65599 
                65601 
                65602 
                65603 
                65661 
                65664 
                65665 
                65666 
                65667 
                65725 
                65726 
                65727 
                65728 
                65729 
                65730 
                65731 
                65788 
                65789 
                65790 
                65792 
                65793 
                65794 
                65795 
                65852 
                65853 
                65854 
                65855 
                65857 
                65858 
                65916 
                65917 
                65918 
                65920 
                65921 
                65922 
                65980 
                65981 
                65982 
                65983 
                65984 
                65986 
                66109 
                66110 
                66114 
                66115 
                66173 
                66177 
                66178 
                66179 
                66237 
                66238 
                66242 
                66243 
                66300 
                66301 
                66305 
                66306 
                66307 
                66364 
                66365 
                66366 
                66370 
                66428 
                66429 
                66433 
                66434 
                66492 
                66493 
                66494 
                66619 
                66620 
                66692 
                66693 
                66746 
                66747 
                66748 
                66820 
                66821 
                66874 
                66875 
                66947 
                66948 
                67001 
                67002 
                67003 
                67131 
                67132 
                67204 
                67205 
                67258 
                67259 
                67260 
                67332 
                67333 
                67386 
                67387 
                67459 
                67460 
                67513 
                67514 
                67515 
                94267 
                94268 
                94340 
                94341 
                94394 
                94395 
                94396 
                94468 
                94469 
                94522 
                94523 
                94595 
                94596 
                94649 
                94650 
                94651 
                94779 
                94780 
                94852 
                94853 
                94906 
                94907 
                94908 
                94980 
                94981 
                95034 
                95035 
                95107 
                95108 
                95161 
                95162 
                95163 
                95164 
                95291 
                95292 
                95364 
                95365 
                95418 
                95419 
                95420 
                95492 
                95493 
                95546 
                95547 
                95619 
                95620 
                95673 
                95674 
                95675 
                95676 
                95805 
                95806 
                95807 
                95808 
                95809 
                95810 
                95869 
                95870 
                95871 
                95872 
                95873 
                95874 
                95875 
                95933 
                95934 
                95935 
                95936 
                95937 
                95938 
                95939 
                95996 
                95997 
                95998 
                95999 
                96000 
                96001 
                96002 
                96003 
                96060 
                96061 
                96062 
                96063 
                96064 
                96065 
                96066 
                96124 
                96125 
                96126 
                96127 
                96128 
                96129 
                96130 
                96190 
                96191 
                96192 
                96193 
                96194 
                96317 
                96318 
                96319 
                96320 
                96321 
                96381 
                96382 
                96383 
                96384 
                96385 
                96386 
                96387 
                96445 
                96446 
                96447 
                96448 
                96449 
                96450 
                96451 
                96508 
                96509 
                96510 
                96511 
                96512 
                96513 
                96514 
                96515 
                96572 
                96573 
                96574 
                96575 
                96576 
                96577 
                96578 
                96637 
                96638 
                96639 
                96640 
                96641 
                96642 
                96702 
                96703 
                96704 
                96705 
                96706 
                96829 
                96830 
                96831 
                96832 
                96833 
                96893 
                96894 
                96895 
                96896 
                96897 
                96898 
                96899 
